751956967022526606
896154984511574026
896154952651640932
896151372418912297
896151373383610370
896154973606379610
896155003507572747
896154994540183562
896154958087458837
896151367448682506
896154971622490152
896154961170296854
896154939712217098
896151370737016912
896151384028770314
896154959849062440
896154954081906709
896154960310452256
896154980921245696
896154958653714503
896154941591277639
896154974902448188
896154997849456700
896151385010225152
896154943403200533
896151382250364939
896151381239554058
896154969747636285
896154970796212275
896154946632814652
896154991205711873
896154979004452884
896154989129498674
896154966178279504
896151378618109962
428787108103061505
896154942434316308
896155005374066688
896154976806653954
896154987200143401
896154953465356299
896154983391703080
896154950747439104
896151376453840896
896154967625306155
896155000458338344
896154975774847037
896151374394437693
896155006095491124
896155004388393021
896151364781101056
896151369331900437
896154949036150804
896155001427214398
896151368446902274
896154985404985344
896154990941450280
896154947589132360
896154944317575198
896154982531866634
896154998679957504
896151375417851915
896154989603483659
896154966891323402
896154981344890891
896154956443316254
896155159380520971
896154972624941086
896154949476552736
896154957198282763
896151377452081183
896151365297012748
896154962067857410
896154938785292319
896151383156355122
896154937967390800
896154988198391838
896154999392989286
896154951502409761
896151386666979358
896151380253888572
896154945835913276
896154993650987078
896151366156816406
896154995542601770
896154992212332585
896154996670881903
896154940689506324
896155002471587861
896154964374749255
896154964760612866
896154954979487765
896154945026404392
896154977918132284
896154979956576276
896151385777795122
896151371689103472
896151376885858315
896151379687645214
896148419184296006
